00000001000000000000000010000000000000000000000000000000000000040111111
00000001000000000000000010000000000000000000000000000000000000040111111
00000001000000000000000010000000000000000000000000000000000000040111111
00000001000000000000000010000000000000000000000000000000000000040111111
00000001000000000000000010000000000000000000000000000000000000040111111
00000001000000000000000010000000000000000000000000000000000000040111111
00000001000000000000000010000000000000000000000000000000000000040111111
00000001000000000000000010000000000000000000000000000000000000040111111
00000001000000000000000010000000000000000000000000000000000000040111111
00000001000000000000000010000000000000000000000000000000000000040111111
00000001000000000000000010000000000000000000000000000000000000040111111
00000001000000000000000010000000000000000000000000000000000000040111111
00000001000000000000000010000000000000000000000000000000000000040111111
00000001000000000000000010000000000000000000000000000000000000040111111
00000001000000000000000010000000000000000000000000000000000000040111111
00000001000000000000000010000000000000000000000000000000000000040111111
00000001000000000000000010000000000000000000000000000000000000040111111
00000001000000000000000010000000000000000000000000000000000000040111111
00000001000000000000000010000000000000000000000000000000000000040111111
00000001000000000000000010000000000000000000000000000000000000040111111
00000001000000000000000010000000000000000000000000000000000000040111111
00000001000000000000000010000000000000000000000000000000000000040111111
00000001000000000000000010000000000000000000000000000000000000040111111
00000001000000000000000010000000000000000000000000000000000000040111111
00000001000000000000000010000000000000000000000000000000000000040111111
00000001000000000000000010000000000000000000000000000000000000040111111
00000001000000000000000010000000000000000000000000000000000000040111111
